1
1
1
53
47
39
39
31
31
25
25
20
20
17
17
13
13
11
11
9
9
7
7
7
15
15
15
14
10
9
9
7
7
6
32
31
27
24
20
19
16
16
13
12
11
10
9
8
7
6
6
5
5
4
4
5
23
24
21
20
17
16
15
13
11
10
9
8
8
6
6
5
4
4
4
4
3
3
33
30
29
24
22
19
18
15
15
12
11
10
9
8
8
7
6
5
5
4
11
11
9
9
7
6
6
5
5
5
4
8
8
7
6
5
5
4
4
4
4
3
3
2
2
2
2
2
2
2
1
45
43
35
35
31
27
27
21
19
16
16
14
12
11
9
9
7
7
6
5
5
17
17
14
12
12
10
10
9
7
7
6
6
13
13
9
9
8
8
6
6
5
4
4
8
8
6
6
6
5
5
4
3
3
3
17
15
13
12
11
9
9
8
7
6
6
6
14
14
12
11
10
9
7
7
7
20
20
16
14
14
12
11
9
9
8
7
18
18
14
14
11
11
9
8
8
7
6
6
44
41
33
29
27
22
22
19
19
15
14
12
11
10
10
8
7
6
5
5
4
4
4
4
3
3
3
2
2
2
2
2
58
55
41
40
33
29
29
24
23
20
19
16
39
30
28
25
22
22
18
18
14
13
31
31
28
28
21
20
19
17
14
19
17
14
14
11
11
9
8
8
7
6
22
18
18
15
15
13
11
11
9
9
7
7
6
6
5
5
4
4
3
3
3
33
33
29
24
24
19
18
16
14
13
36
34
30
25
24
20
20
16
15
14
22
22
18
16
15
12
12
11
10
9
7
7
14
13
11
10
10
8
8
7
6
6
15
13
13
10
10
9
7
7
6
6
13
11
11
10
9
7
7
6
5
7
7
7
6
5
5
4
4
4
3
3
3
11
10
8
8
7
7
6
5
5
4
4
4
8
7
7
6
6
5
5
4
4
3
6
6
5
5
4
4
3
3
3
3
2
2
5
5
4
4
4
3
3
3
3
2
4
3
3
3
3
2
2
2
2
2
3
4
4
3
3
3
2
2
2
2
2
6
6
5
5
5
4
4
3
3
3
6
6
8
7
6
6
5
4
4
4
3
3
7
6
6
5
5
4
4
4
8
8
7
6
6
5
5
4
4
3
3
7
5
5
5
5
4
4
3
3
3
3
7
6
5
5
5
4
4
3
3
3
3
10
8
8
7
7
6
5
4
4
4
4
6
6
5
5
4
4
3
3
3
3
7
6
6
5
5
5
4
4
3
6
8
6
6
5
5
5
4
4
3
3
10
10
9
8
8
6
6
5
4
4
4
8
11
9
9
8
7
7
6
5
5
4
8
14
12
11
10
10
8
8
6
6
10
10
9
8
7
7
5
5
5
4
4
13
12
10
10
8
8
7
7
6
5
40
38
33
27
27
22
22
19
16
16
46
45
38
32
31
27
25
22
19
19
23
55
48
48
40
40
33
33
24
23
20
17
17
14
13
11
10
9
8
8
7
6
6
50
49
41
36
36
28
27
22
22
19
18
28
27
22
21
17
16
15
13
11
10
9
18
18
15
13
13
12
10
10
8
8
6
27
26
23
20
17
16
13
13
11
10
10
8
7
7
5
5
4
4
4
14
14
17
16
14
12
12
10
10
8
8
9
16
13
13
11
11
9
9
7
7
6
13
13
11
10
9
8
7
7
5
5
10
9
9
7
7
6
5
5
4
4
4
7
6
5
5
4
4
4
3
3
3
9
8
7
7
6
5
5
4
4
3
3
3
9
9
7
7
6
6
5
5
4
4
3
12
12
10
9
9
8
8
6
6
5
8
8
7
6
5
5
4
4
4
3
3
9
8
7
6
5
5
5
4
3
3
3
3
2
2
2
2
2
2
1
1
6
5
5
4
4
4
3
3
3
3
2
7
6
5
5
5
4
4
3
3
3
3
7
6
6
5
5
5
4
4
3
3
3
2
2
6
6
5
4
4
3
3
3
3
2
2
2
2
2
2
5
5
9
8
7
6
6
5
5
4
4
4
3
3
3
2
2
10
8
8
7
7
6
6
5
4
4
4
3
3
3
5
5
7
7
6
5
5
4
4
4
3
3
3
3
2
2
10
9
9
7
6
6
5
5
4
4
4
3
3
3
16
22
19
19
16
14
13
10
10
9
8
8
7
7
5
5
4
4
16
14
13
11
10
8
8
9
27
24
19
19
16
15
14
11
11
9
9
8
7
7
6
5
19
19
16
15
12
11
11
9
9
8
6
6
6
5
4
11
11
9
8
8
6
6
5
5
5
4
4
3
3
3
2
2
10
10
8
8
6
6
5
5
4
16
15
13
13
10
10
8
8
7
7
6
20
16
14
14
12
10
9
9
7
7
6
18
35
30
30
25
24
21
19
17
15
37
36
29
28
25
23
19
16
16
13
13
11
11
11
11
9
8
7
7
5
5
5
7
10
9
8
7
6
5
5
4
4
3
3
29
25
25
20
18
18
15
14
12
16
16
13
13
10
10
8
8
7
6
6
17
20
17
15
13
13
10
10
8
8
57
49
49
40
38
33
29
27
23
21
59
49
48
39
37
34
28
28
23
127
116
101
101
82
73
72
61
54
47
47
35
153
133
121
112
103
90
84
67
63
55
45
44
38
38
29
28
24
21
20
18
16
76
115
101
101
81
77
62
62
53
50
41
130
123
107
100
88
74
65
65
50
49
40
39
32
29
28
23
23
19
17
15
20
20
133
110
108
88
87
72
62
62
51
49
100
86
81
76
62
55
54
44
42
36
31
29
25
23
21
19
17
16
13
155
140
122
122
93
93
79
79
58
58
52
49
38
35
31
27
27
22
19
18
15
15
13
139
134
109
109
97
91
72
67
63
55
44
39
39
32
31
26
23
22
18
18
16
13
11
11
9
9
7
7
153
139
124
107
107
87
77
71
58
58
50
92
88
71
71
58
52
47
41
40
34
28
28
125
113
109
95
77
69
67
54
53
44
39
37
57
148
128
120
110
90
78
73
59
59
48
44
41
120
109
99
88
82
71
67
50
47
40
35
35
30
29
23
171
163
140
132
114
106
95
79
66
65
55
55
43
43
35
31
29
165
154
132
115
100
93
81
81
62
61
50
45
44
36
33
29
165
165
146
138
102
97
89
76
76
56
55
48
44
40
32
32
133
133
108
108
86
86
68
62
54
53
44
37
37
37
36
91
87
71
65
56
56
46
37
37
33
29
24
24
108
108
88
88
72
66
53
53
47
40
38
31
31
25
33
30
26
25
23
21
18
15
14
12
12
10
9
8
64
62
53
44
43
35
35
30
25
25
20
19
17
59
55
48
46
39
37
32
28
24
24
19
19
15
15
40
33
33
27
25
22
18
18
16
14
13
10
10
19
19
17
14
14
11
10
9
8
8
7
6
15
48
48
37
37
30
28
25
21
21
17
17
14
14
50
46
37
37
32
32
25
23
20
17
17
14
14
46
46
38
34
30
30
23
23
19
18
15
13
13
11
10
103
84
84
68
63
59
49
48
40
85
82
70
67
56
54
48
40
35
35
141
135
110
108
90
78
78
63
59
51
45
45
135
127
110
92
90
73
71
62
58
48
148
147
121
118
99
88
77
77
61
58
47
47
38
96
96
79
76
64
55
52
42
42
37
31
30
24
24
20
18
17
15
14
12
38
64
54
48
45
36
36
32
27
26
21
21
17
15
15
28
26
23
19
19
16
15
13
11
11
9
8
8
6
6
9
8
8
7
6
5
5
4
4
4
3
3
37
36
30
29
25
23
20
18
15
14
12
12
10
10
28
28
26
23
21
18
15
14
13
10
10
53
51
46
38
38
31
28
25
123
123
100
87
84
70
59
58
50
45
102
83
83
75
72
55
49
49
39
38
56
55
43
43
37
35
28
25
24
21
19
17
94
80
77
66
66
50
50
43
40
34
29
28
70
65
55
48
42
42
32
32
28
28
22
22
21
21
19
17
14
13
11
10
10
8
8
12
12
22
20
18
15
15
12
12
10
10
8
42
45
45
37
35
32
26
26
21
19
18
15
15
12
22
20
17
17
14
14
11
10
8
8
8
7
7
21
20
17
15
13
12
10
10
8
7
7
6
6
5
8
8
7
7
6
5
5
4
4
3
3
3
3
2
6
5
5
4
4
4
3
3
2
2
2
17
16
15
13
12
10
9
9
7
7
6
8
71
71
61
61
44
44
39
36
29
65
64
52
48
39
39
32
31
26
23
23
32
49
43
35
35
31
28
25
20
20
17
17
70
62
57
50
49
40
35
33
27
27
23
19
19
49
49
46
40
37
33
31
27
23
22
18
18
15
13
13
11
47
47
41
34
33
27
27
22
20
20
16
15
12
12
33
44
40
35
31
26
26
21
21
17
17
14
13
10
10
9
45
42
34
34
27
25
22
20
19
16
13
13
11
11
9
9
7
7
6
5
5
4
4
3
3
3
3
5
5
4
4
4
3
3
3
2
2
2
2
2
2
1
1
1
1
1
1
1
1
1
1
1
1
1
1
1
1
1
1
1
1
1
1
37
31
31
25
25
21
19
16
16
13
13
23
22
19
18
15
13
13
11
11
9
8
7
7
6
6
4
4
4
3
3
3
3
2
33
32
26
26
23
19
19
15
15
12
34
30
27
26
22
19
18
15
15
13
11
10
9
9
7
7
6
5
5
4
4
4
3
3
3
2
2
2
2
2
2
1
1
1
1
1
1
1
1
1
1
1
1
1
1
1
1
1
1
1
1
1
1
1
1
1
1
1
1
1
1
1
1
1
1
1
1
1
1
1
1
1
1
1
1
1
1
1
1
1
1
1
1
1
1
63
63
51
48
44
36
36
29
26
24
74
73
60
55
49
40
40
34
33
26
25
22
18
18
15
15
12
12
10
9
7
7
6
6
42
42
37
31
31
26
25
21
31
51
51
39
38
31
31
26
22
21
19
17
16
13
12
12
9
9
7
7
6
6
5
4
4
4
3
3
3
3
2
2
2
2
2
1
1
1
1
1
1
1
1
1
1
1
1
1
1
1
1
1
1
1
1
1
1
1
1
1
23
20
19
16
16
12
12
10
9
8
26
26
22
21
18
16
14
14
11
11
9
82
78
73
61
52
51
43
41
35
31
27
27
75
71
58
58
47
42
38
34
33
27
24
22
125
125
102
93
88
72
72
59
52
50
44
40
35
30
26
65
54
49
40
40
34
34
27
23
23
19
17
15
13
13
107
95
86
71
71
57
52
50
41
41
33
29
27
23
23
175
157
142
115
115
94
92
76
66
62
54
52
44
38
36
29
29
24
21
21
17
17
14
12
12
10
10
176
161
143
129
118
91
86
74
64
64
52
48
43
36
36
29
29
24
23
20
18
14
14
12
11
10
9
8
7
7
6
45
172
127
122
110
90
90
73
70
62
58
48
43
41
35
30
26
26
21
20
16
16
13
13
11
10
10
8
170
160
130
130
113
98
91
75
75
61
57
52
46
40
34
34
27
27
22
22
17
17
14
14
11
11
9
8
7
6
6
5
5
4
4
4
4
26
26
159
159
122
117
99
85
84
68
67
57
50
42
41
33
33
29
27
22
20
18
16
15
13
11
11
9
9
7
7
6
5
5
4
4
4
5
5
176
176
144
131
106
106
93
83
76
61
61
50
46
41
36
36
29
27
26
22
19
16
16
14
14
11
10
9
8
7
6
6
5
5
4
5
4
4
4
4
3
3
4
4
3
3
3
4
4
4
4
4
4
3
3
3
175
175
146
132
118
97
97
84
72
68
55
54
49
39
39
32
31
26
23
21
19
18
15
13
12
10
10
8
8
7
6
6
7
8
8
6
6
6
5
5
4
4
3
3
3
3
3
6
16
19
16
16
13
12
11
9
9
8
8
18
17
15
12
12
11
9
9
7
7
11
10
10
8
8
7
6
5
5
5
6
6
5
5
4
4
3
3
3
2
2
2
2
4
4
4
3
3
3
2
2
2
2
2
4
4
4
3
3
3
2
2
2
2
2
2
1
1
3
3
3
2
2
2
2
2
1
5
5
4
4
4
3
3
3
3
2
2
2
2
2
1
2
2
5
4
4
3
3
3
3
2
2
2
2
2
2
1
1
4
4
4
3
3
3
3
2
2
2
2
2
1
1
1
1
1
1
1
1
1
3
3
3
2
2
2
2
2
2
2
2
1
1
1
1
1
1
1
1
1
1
1
1
1
3
3
3
3
2
2
2
2
2
2
1
1
1
1
1
1
1
1
1
1
1
1
1
1
1
1
1
1
1
1
1
1
1
1
1
43
43
35
32
28
25
25
20
19
16
14
13
12
12
26
26
21
19
17
15
15
12
12
10
10
8
29
24
24
19
18
16
14
13
11
11
9
9
7
7
41
41
36
29
29
24
23
21
17
17
14
13
11
10
9
59
59
48
48
35
34
30
29
24
20
20
17
16
15
12
11
11
9
8
7
6
6
5
5
4
4
3
3
3
3
2
2
2
2
2
1
1
2
3
3
2
2
2
2
2
2
2
2
1
1
1
1
1
1
1
1
1
1
1
1
1
1
1
1
1
1
1
1
1
1
1
1
1
1
1
1
1
1
1
1
1
1
1
1
1
1
1
1
1
1
1
1
1
1
1
1
1
1
1
1
1
1
1
1
1
1
1
1
1
1
1
1
1
1
1
1
1
1
1
1
1
1
70
70
57
54
46
40
40
33
30
27
22
22
18
17
16
79
79
64
61
52
45
42
37
35
30
26
25
20
20
16
88
87
70
67
57
51
47
39
39
31
31
25
25
20
19
16
49
45
37
37
30
28
25
21
21
17
16
15
13
12
74
73
59
58
48
41
39
34
32
28
23
23
19
18
16
13
13
11
11
9
8
7
6
6
108
108
86
86
65
65
59
59
45
42
37
31
28
27
25
84
70
64
57
52
52
42
41
37
30
30
24
23
20
59
59
58
53
51
44
36
31
31
25
24
21
18
133
115
105
94
76
76
62
59
54
44
44
36
33
29
129
129
104
93
84
69
69
60
53
53
41
40
32
31
133
115
109
91
91
73
73
59
59
45
44
38
38
31
148
123
107
95
87
79
77
64
57
52
45
45
34
34
148
138
126
110
98
82
82
66
66
53
53
43
40
165
165
134
122
108
95
95
77
66
63
51
51
45
38
36
148
148
121
107
105
85
82
70
60
57
49
46
40
150
145
118
118
96
88
78
68
68
55
49
45
37
37
30
29
26
21
21
17
16
14
12
12
10
9
8
7
7
6
5
13
11
11
116
108
87
87
77
64
64
77
75
64
56
47
46
73
70
64
52
52
42
39
40
33
33
29
26
23
19
19
92
92
69
69
57
49
48
42
39
35
29
25
23
21
21
77
77
63
57
51
43
42
36
33
30
24
24
81
74
70
57
57
47
42
41
35
32
27
27
77
77
63
63
49
47
38
38
31
28
27
47
41
35
35
42
42
35
32
26
26
23
22
17
16
14
44
44
35
35
28
28
23
23
19
16
14
14
12
12
9
9
8
7
7
5
5
4
4
4
4
3
3
2
2
47
44
39
33
33
26
26
21
20
17
17
13
13
11
10
9
7
7
6
6
5
4
4
4
4
3
3
3
2
2
2
2
2
1
1
1
1
1
1
1
1
1
1
1
1
1
1
1
1
1
1
1
1
1
1
1
1
1
1
1
1
1
1
1
1
1
1
1
1
139
139
113
113
92
80
80
65
64
53
46
43
35
35
31
27
25
20
20
17
15
14
11
11
10
9
8
7
7
5
5
5
4
4
3
3
3
2
2
2
2
2
2
1
1
1
1
2
2
1
1
1
1
1
1
1
1
1
1
1
1
1
1
1
155
144
125
106
106
86
86
69
69
58
55
49
39
35
32
28
28
23
20
18
15
15
13
13
10
10
8
8
6
6
5
5
5
4
4
3
3
3
2
2
2
2
2
2
2
1
1
1
170
138
138
113
100
100
83
74
61
61
49
48
43
39
33
27
27
22
22
18
18
15
15
11
11
10
10
8
8
6
6
5
4
4
4
4
3
3
33
103
84
84
68
63
55
47
47
38
38
31
31
54
48
40
39
32
31
26
23
23
19
18
15
65
64
56
49
49
42
40
33
28
24
23
21
21
57
53
51
43
38
33
33
25
25
21
20
44
41
34
30
28
23
23
19
19
15
57
50
50
40
40
31
31
25
22
21
17
17
65
65
52
52
40
39
32
32
26
23
23
66
63
54
44
44
38
35
31
25
25
57
53
49
40
40
33
31
27
22
22
63
57
51
45
45
34
34
28
27
23
20
19
50
50
40
40
32
32
25
24
20
20
17
16
48
43
39
33
33
26
26
21
20
17
17
51
51
42
38
34
28
27
24
21
20
45
45
36
34
32
26
26
21
19
17
50
50
41
36
33
27
27
22
20
19
62
62
52
50
40
36
33
28
28
77
77
61
58
50
50
38
38
33
31
35
52
46
39
39
31
31
25
23
19
19
40
40
30
29
25
23
20
17
17
14
14
40
37
33
33
25
25
20
18
17
14
14
23
38
37
30
30
26
23
23
17
16
14
14
34
29
29
24
24
20
17
15
15
18
44
38
38
31
31
22
22
18
17
16
34
31
28
22
20
19
16
15
13
44
36
30
29
26
22
22
18
51
49
43
43
33
33
26
25
22
80
79
66
66
53
53
43
43
32
32
72
70
59
56
50
45
39
33
33
93
93
78
70
57
57
46
44
40
33
33
102
93
83
68
68
59
54
48
39
39
32
31
129
114
99
85
80
70
62
57
46
46
38
35
33
27
27
23
22
18
16
15
12
12
10
10
8
8
7
6
5
5
4
4
162
159
141
119
119
95
95
77
77
61
58
47
47
38
35
31
26
26
21
21
17
17
14
13
11
11
9
8
8
6
6
37
65
59
48
48
42
37
34
28
28
24
24
19
17
15
13
12
10
10
8
8
7
7
6
5
4
4
124
113
96
82
78
68
64
55
45
45
37
35
30
26
26
22
22
16
16
13
12
12
10
9
8
7
6
6
5
5
61
60
49
49
42
36
36
29
29
22
21
19
19
14
14
12
11
10
8
8
7
6
6
5
5
4
4
162
140
140
115
105
93
77
75
64
64
51
51
42
42
31
31
27
27
19
19
17
14
14
12
12
9
9
8
8
68
68
52
48
39
39
34
29
28
23
23
19
19
15
14
12
12
10
8
8
7
7
6
5
5
117
112
95
83
77
63
63
51
48
45
36
36
30
27
24
20
20
17
16
14
12
12
10
10
8
7
6
6
5
4
4
43
43
67
66
55
47
41
41
33
32
27
22
22
19
17
16
13
12
11
9
9
8
7
7
6
5
5
4
4
4
146
146
118
118
89
88
71
70
59
50
48
41
40
34
29
28
22
22
20
16
16
13
13
11
10
9
7
7
83
75
68
55
55
45
40
39
32
32
26
24
21
17
17
15
14
12
10
10
8
8
7
6
6
5
5
4
133
133
117
99
95
77
77
67
55
55
44
44
36
33
29
24
24
21
19
16
16
13
13
11
11
8
8
7
6
6
117
102
102
82
74
74
59
59
44
44
36
36
30
25
24
20
20
111
111
89
89
71
67
54
54
44
41
39
31
31
26
117
110
96
90
78
69
69
55
48
42
42
34
31
63
90
90
78
69
64
52
52
42
38
37
30
30
120
107
97
85
84
69
58
56
46
45
40
138
138
113
109
96
85
74
63
63
52
51
40
37
89
89
67
67
54
53
44
39
36
31
30
26
57
56
45
44
39
32
32
26
25
21
19
19
15
44
39
32
32
28
25
23
19
19
15
14
12
33
31
27
26
22
19
18
15
15
12
11
11
9
8
7
6
6
5
5
4
4
4
3
3
3
2
2
2
2
2
2
3
2
2
3
3
3
3
2
2
2
2
1
1
2
1
1
1
1
1
1
1
1
18
18
14
14
11
11
9
8
8
6
6
19
17
16
13
13
10
10
9
8
8
26
23
21
18
18
15
13
12
10
10
9
75
60
60
53
43
43
38
33
32
28
26
59
49
40
40
35
35
26
26
21
77
73
63
61
51
43
42
34
34
28
25
24
73
73
59
51
51
42
39
33
33
27
27
49
47
38
38
33
32
26
23
21
18
18
74
74
59
59
44
44
39
39
29
28
24
150
141
123
118
100
82
82
66
65
57
48
47
38
36
31
27
27
22
21
18
164
161
132
129
114
93
93
76
74
61
55
50
42
42
34
34
28
28
21
21
17
17
15
12
12
10
10
8
7
7
35
34
28
24
23
19
19
17
15
13
11
11
9
9
7
7
6
6
5
6
5
5
4
4
3
3
3
3
3
3
3
8
8
6
6
5
5
4
4
3
3
3
2
2
2
3
3
2
2
2
2
2
2
2
2
2
2
1
1
1
2
2
2
2
2
2
1
1
1
1
1
1
1
1
1
1
1
1
1
1
1
1
1
1
1
1
1
1
1
1
1
1
1
1
1
1
1
1
1
1
1
1
1
1
1
1
1
1
1
1
1
1
1
1
1
1
1
1
1
1
1
1
1
1
1
1
1
1
1
1
1
1
1
1
1
1
1
1
